3.906249999999994796e-03 3.906249929921510114e-03
0.000000000000000000e+00 0.000000000000000000e+00
3.906249999999994796e-03 3.906250206083402947e-03
0.000000000000000000e+00 0.000000000000000000e+00
3.906249999999994796e-03 3.906249847884174856e-03
0.000000000000000000e+00 0.000000000000000000e+00
3.906249999999994796e-03 3.906249906813023635e-03
0.000000000000000000e+00 0.000000000000000000e+00
3.906249999999994796e-03 3.906250050844795388e-03
0.000000000000000000e+00 0.000000000000000000e+00
3.906249999999994796e-03 3.906249744287279470e-03
0.000000000000000000e+00 0.000000000000000000e+00
3.906249999999994796e-03 3.906249825426098225e-03
0.000000000000000000e+00 0.000000000000000000e+00
3.906249999999994796e-03 3.906250073521017399e-03
0.000000000000000000e+00 0.000000000000000000e+00
3.906249999999994796e-03 3.906249946818591071e-03
0.000000000000000000e+00 0.000000000000000000e+00
3.906249999999994796e-03 3.906249846734889328e-03
0.000000000000000000e+00 0.000000000000000000e+00
3.906249999999994796e-03 3.906249776412082722e-03
0.000000000000000000e+00 0.000000000000000000e+00
3.906249999999994796e-03 3.906249923380537489e-03
0.000000000000000000e+00 0.000000000000000000e+00
3.906249999999994796e-03 3.906250229172966194e-03
0.000000000000000000e+00 0.000000000000000000e+00
3.906249999999994796e-03 3.906250025504589760e-03
0.000000000000000000e+00 0.000000000000000000e+00
3.906249999999994796e-03 3.906249803700129544e-03
0.000000000000000000e+00 0.000000000000000000e+00
3.906249999999994796e-03 3.906250064999167507e-03
0.000000000000000000e+00 0.000000000000000000e+00
3.906249999999994796e-03 3.906250051734031989e-03
0.000000000000000000e+00 0.000000000000000000e+00
3.906249999999994796e-03 3.906250196691619589e-03
0.000000000000000000e+00 0.000000000000000000e+00
3.906249999999994796e-03 3.906249920138377043e-03
0.000000000000000000e+00 0.000000000000000000e+00
3.906249999999994796e-03 3.906250041980635981e-03
0.000000000000000000e+00 0.000000000000000000e+00
3.906249999999994796e-03 3.906249978256223082e-03
0.000000000000000000e+00 0.000000000000000000e+00
3.906249999999994796e-03 3.906249855986040822e-03
0.000000000000000000e+00 0.000000000000000000e+00
3.906249999999994796e-03 3.906250137421743256e-03
0.000000000000000000e+00 0.000000000000000000e+00
3.906249999999994796e-03 3.906250065755576331e-03
0.000000000000000000e+00 0.000000000000000000e+00
3.906249999999994796e-03 3.906250153208177048e-03
0.000000000000000000e+00 0.000000000000000000e+00
3.906249999999994796e-03 3.906250081183016906e-03
0.000000000000000000e+00 0.000000000000000000e+00
3.906249999999994796e-03 3.906250015068136842e-03
0.000000000000000000e+00 0.000000000000000000e+00
3.906249999999994796e-03 3.906250190292068561e-03
0.000000000000000000e+00 0.000000000000000000e+00
3.906249999999994796e-03 3.906250150929420004e-03
0.000000000000000000e+00 0.000000000000000000e+00
3.906249999999994796e-03 3.906250213400729379e-03
0.000000000000000000e+00 0.000000000000000000e+00
3.906249999999994796e-03 3.906250032567415778e-03
0.000000000000000000e+00 0.000000000000000000e+00
3.906249999999994796e-03 3.906250030139500271e-03
0.000000000000000000e+00 0.000000000000000000e+00
3.906249999999994796e-03 3.906249981816404745e-03
0.000000000000000000e+00 0.000000000000000000e+00
2.669880452440762282e-03 2.669880560274299954e-03
1.236369547559232514e-03 1.236369597494840029e-03
2.898001275877634238e-05 2.898001316106342935e-05
3.877269987241218057e-03 3.877270041063680603e-03
5.928672307194996414e-07 5.928672625431322513e-07
3.905657132769275921e-03 3.905657342415199372e-03
1.464609162755718716e-35 1.464609233263345583e-35
3.906249999999994796e-03 3.906250188050448477e-03
1.482224319715472840e-07 1.482224260467084925e-07
3.906101777568022921e-03 3.906101621430904496e-03
2.464439174537184744e-03 2.464439077070430459e-03
1.441810825462809618e-03 1.441810768440253670e-03
3.906249999999994796e-03 3.906250266728980916e-03
0.000000000000000000e+00 0.000000000000000000e+00
3.906249999999994796e-03 3.906249860420400385e-03
0.000000000000000000e+00 0.000000000000000000e+00
3.906249999999994796e-03 3.906249844177018312e-03
0.000000000000000000e+00 0.000000000000000000e+00
3.906249999999994796e-03 3.906250067035830012e-03
0.000000000000000000e+00 0.000000000000000000e+00
3.906249999999994796e-03 3.906250205439316600e-03
0.000000000000000000e+00 0.000000000000000000e+00
3.906249999999994796e-03 3.906250181668147539e-03
0.000000000000000000e+00 0.000000000000000000e+00
3.906249999999994796e-03 3.906250094973638329e-03
0.000000000000000000e+00 0.000000000000000000e+00
1.258806966210314566e-03 1.258807039829808530e-03
2.647443033789680013e-03 2.647443188621533949e-03
5.928672307194996414e-07 5.928672558392466857e-07
3.905657132769275921e-03 3.905657298251721810e-03
5.928672307194996414e-07 5.928672211624496616e-07
3.905657132769275921e-03 3.905657069809883013e-03
5.928672307194996414e-07 5.928671989393701143e-07
3.905657132769275921e-03 3.905656923409940064e-03
5.928672307194996414e-07 5.928671920085068239e-07
3.905657132769275921e-03 3.905656877751191580e-03
8.345016795302622175e-04 8.345016918783096068e-04
3.071748320469732795e-03 3.071748365922119875e-03
3.906249999999994796e-03 3.906250004006376828e-03
0.000000000000000000e+00 0.000000000000000000e+00
3.906249999999994796e-03 3.906249829382891451e-03
0.000000000000000000e+00 0.000000000000000000e+00
3.906249999999994796e-03 3.906249804154921998e-03
0.000000000000000000e+00 0.000000000000000000e+00
3.906249999999994796e-03 3.906249901615975115e-03
0.000000000000000000e+00 0.000000000000000000e+00
3.906249999999994796e-03 3.906249777993414576e-03
0.000000000000000000e+00 0.000000000000000000e+00
3.906249999999994796e-03 3.906249983818359337e-03
0.000000000000000000e+00 0.000000000000000000e+00
3.906249999999994796e-03 3.906249888795573690e-03
0.000000000000000000e+00 0.000000000000000000e+00
3.906249999999994796e-03 3.906249945181316987e-03
0.000000000000000000e+00 0.000000000000000000e+00
5.928672307194996414e-07 5.928671975857754657e-07
3.905657132769275921e-03 3.905656914492806539e-03
5.928672307194996414e-07 5.928672528832258960e-07
3.905657132769275921e-03 3.905657278778215669e-03
5.928672307194996414e-07 5.928672176517633224e-07
3.905657132769275921e-03 3.905657046682382665e-03
3.906249999999994796e-03 3.906249772276877089e-03
0.000000000000000000e+00 0.000000000000000000e+00
3.906249999999994796e-03 3.906250013993304779e-03
0.000000000000000000e+00 0.000000000000000000e+00
3.906249999999994796e-03 3.906250100705696386e-03
0.000000000000000000e+00 0.000000000000000000e+00
3.906249999999994796e-03 3.906250138183750900e-03
0.000000000000000000e+00 0.000000000000000000e+00
3.906249999999994796e-03 3.906250104036135609e-03
0.000000000000000000e+00 0.000000000000000000e+00
3.906249999999994796e-03 3.906250146608567300e-03
0.000000000000000000e+00 0.000000000000000000e+00
3.906249999999994796e-03 3.906249895652825436e-03
0.000000000000000000e+00 0.000000000000000000e+00
3.906249999999994796e-03 3.906249983081139590e-03
0.000000000000000000e+00 0.000000000000000000e+00
3.906249999999994796e-03 3.906250005967097476e-03
0.000000000000000000e+00 0.000000000000000000e+00
3.906249999999994796e-03 3.906250126306255385e-03
0.000000000000000000e+00 0.000000000000000000e+00
3.673851941964418038e-03 3.673851811610580071e-03
2.323980580355768121e-04 2.323980497897413199e-04
5.928672307194996414e-07 5.928671972244939967e-07
3.905657132769275921e-03 3.905656912112776772e-03
5.928672307194996414e-07 5.928672251465365740e-07
3.905657132769275921e-03 3.905657096056026293e-03
5.928672307194996414e-07 5.928672134660075002e-07
3.905657132769275921e-03 3.905657019107698809e-03
5.333645730882758819e-06 5.333645814464249885e-06
3.900916354269112242e-03 3.900916415398856738e-03
3.685104855312615682e-03 3.685105026058128896e-03
2.211451446873787614e-04 2.211451549339098427e-04
3.906249999999994796e-03 3.906249968146376095e-03
0.000000000000000000e+00 0.000000000000000000e+00
3.906249999999994796e-03 3.906250045990126638e-03
0.000000000000000000e+00 0.000000000000000000e+00
3.906249999999994796e-03 3.906250132830911201e-03
0.000000000000000000e+00 0.000000000000000000e+00
3.906249999999994796e-03 3.906250105947204135e-03
0.000000000000000000e+00 0.000000000000000000e+00
3.906249999999994796e-03 3.906250140041778521e-03
0.000000000000000000e+00 0.000000000000000000e+00
3.906249999999994796e-03 3.906249807587347349e-03
0.000000000000000000e+00 0.000000000000000000e+00
3.906249999999994796e-03 3.906250129223876391e-03
0.000000000000000000e+00 0.000000000000000000e+00
3.906249999999994796e-03 3.906249773526921862e-03
0.000000000000000000e+00 0.000000000000000000e+00
3.906249999999994796e-03 3.906249907442491467e-03
0.000000000000000000e+00 0.000000000000000000e+00
7.761042258217640743e-04 7.761042307802122229e-04
3.130145774178231480e-03 3.130145794176403436e-03
5.928672307194996414e-07 5.928672204604455897e-07
3.905657132769275921e-03 3.905657065185260714e-03
5.928672307194996414e-07 5.928672542295571312e-07
3.905657132769275921e-03 3.905657287647499448e-03
5.928672307194996414e-07 5.928672612772430998e-07
3.905657132769275921e-03 3.905657334075845859e-03
5.928672307194996414e-07 5.928672245142048795e-07
3.905657132769275921e-03 3.905657091890386672e-03
3.717279686222902703e-03 3.717279681183183627e-03
1.889703137770917406e-04 1.889703135208943606e-04
3.906249999999994796e-03 3.906250117096799271e-03
0.000000000000000000e+00 0.000000000000000000e+00
3.906249999999994796e-03 3.906249942709280956e-03
0.000000000000000000e+00 0.000000000000000000e+00
3.906249999999994796e-03 3.906250067947975371e-03
0.000000000000000000e+00 0.000000000000000000e+00
3.906249999999994796e-03 3.906249891515596248e-03
0.000000000000000000e+00 0.000000000000000000e+00
3.906249999999994796e-03 3.906250157241246065e-03
0.000000000000000000e+00 0.000000000000000000e+00
3.906249999999994796e-03 3.906250215440396426e-03
0.000000000000000000e+00 0.000000000000000000e+00
3.906249999999994796e-03 3.906249929617576153e-03
0.000000000000000000e+00 0.000000000000000000e+00
3.906249999999994796e-03 3.906250144756621620e-03
0.000000000000000000e+00 0.000000000000000000e+00
3.906249999999994796e-03 3.906249930490721025e-03
0.000000000000000000e+00 0.000000000000000000e+00
2.441177714441853872e-03 2.441177608938719431e-03
1.465072285558141141e-03 1.465072222240457363e-03
5.928672307194996414e-07 5.928672609386199739e-07
3.905657132769275921e-03 3.905657331845083843e-03
5.928672307194996414e-07 5.928672012165794413e-07
3.905657132769275921e-03 3.905656938411610542e-03
5.928672307194996414e-07 5.928672296380455615e-07
3.905657132769275921e-03 3.905657125644934006e-03
5.928672307194996414e-07 5.928672557237821189e-07
3.905657132769275921e-03 3.905657297491070719e-03
3.706820375430186498e-03 3.706820244517961861e-03
1.994296245698082162e-04 1.994296175266355847e-04
3.906249999999994796e-03 3.906249835326376305e-03
0.000000000000000000e+00 0.000000000000000000e+00
3.906249999999994796e-03 3.906249782915769200e-03
0.000000000000000000e+00 0.000000000000000000e+00
3.906249999999994796e-03 3.906250265522557066e-03
0.000000000000000000e+00 0.000000000000000000e+00
3.906249999999994796e-03 3.906250138083456128e-03
0.000000000000000000e+00 0.000000000000000000e+00
3.906249999999994796e-03 3.906250281499498191e-03
0.000000000000000000e+00 0.000000000000000000e+00
3.906249999999994796e-03 3.906249954337326705e-03
0.000000000000000000e+00 0.000000000000000000e+00
3.906249999999994796e-03 3.906249848880825534e-03
0.000000000000000000e+00 0.000000000000000000e+00
3.906249999999994796e-03 3.906250013253240519e-03
0.000000000000000000e+00 0.000000000000000000e+00
3.906249999999994796e-03 3.906250088325877862e-03
0.000000000000000000e+00 0.000000000000000000e+00
3.906249999999994796e-03 3.906249855075149668e-03
0.000000000000000000e+00 0.000000000000000000e+00
5.928672307194996414e-07 5.928672155059302879e-07
3.905657132769275921e-03 3.905657032546185244e-03
5.928672307194996414e-07 5.928672381582419812e-07
3.905657132769275921e-03 3.905657181773801619e-03
5.928672307194996414e-07 5.928672544032705655e-07
3.905657132769275921e-03 3.905657288791878744e-03
9.765624999999991326e-04 9.765624637092682955e-04
2.929687499999996097e-03 2.929687391127803152e-03
3.906249999999994796e-03 3.906250195841882641e-03
0.000000000000000000e+00 0.000000000000000000e+00
3.906249999999994796e-03 3.906250040802495063e-03
0.000000000000000000e+00 0.000000000000000000e+00
3.906249999999994796e-03 3.906249886392551465e-03
0.000000000000000000e+00 0.000000000000000000e+00
3.906249999999994796e-03 3.906250092461366688e-03
0.000000000000000000e+00 0.000000000000000000e+00
3.906249999999994796e-03 3.906250097646885369e-03
0.000000000000000000e+00 0.000000000000000000e+00
3.906249999999994796e-03 3.906249803145629088e-03
0.000000000000000000e+00 0.000000000000000000e+00
3.906249999999994796e-03 3.906250192585206463e-03
0.000000000000000000e+00 0.000000000000000000e+00
3.906249999999994796e-03 3.906250089169458276e-03
0.000000000000000000e+00 0.000000000000000000e+00
3.906249999999994796e-03 3.906250002467924302e-03
0.000000000000000000e+00 0.000000000000000000e+00
3.906249999999994796e-03 3.906249853828381788e-03
0.000000000000000000e+00 0.000000000000000000e+00
3.474766747120445164e-03 3.474766722924548575e-03
4.314832528795494154e-04 4.314832498749954530e-04
5.928672307194996414e-07 5.928672532790090286e-07
3.905657132769275921e-03 3.905657281385534110e-03
5.928672307194996414e-07 5.928672091264065662e-07
3.905657132769275921e-03 3.905656990519520977e-03
5.928672307194996414e-07 5.928672111254128979e-07
3.905657132769275921e-03 3.905657003688461741e-03
3.906249999999994796e-03 3.906250009535287490e-03
0.000000000000000000e+00 0.000000000000000000e+00
3.906249999999994796e-03 3.906249882422505818e-03
0.000000000000000000e+00 0.000000000000000000e+00
3.906249999999994796e-03 3.906250055116489497e-03
0.000000000000000000e+00 0.000000000000000000e+00
3.906249999999994796e-03 3.906250137489335021e-03
0.000000000000000000e+00 0.000000000000000000e+00
3.906249999999994796e-03 3.906250113019394191e-03
0.000000000000000000e+00 0.000000000000000000e+00
3.906249999999994796e-03 3.906249959240154848e-03
0.000000000000000000e+00 0.000000000000000000e+00
3.906249999999994796e-03 3.906249886805333252e-03
0.000000000000000000e+00 0.000000000000000000e+00
9.934581242988034695e-05 9.934580793000121282e-05
3.806904187570114232e-03 3.806904015135983890e-03
5.928672307194996414e-07 5.928672509923188619e-07
3.905657132769275921e-03 3.905657266321406647e-03
5.928672307194996414e-07 5.928672452811687218e-07
3.905657132769275921e-03 3.905657228697814471e-03
5.928672307194996414e-07 5.928672459142999095e-07
3.905657132769275921e-03 3.905657232868719412e-03
5.928672307194996414e-07 5.928672360769598453e-07
3.905657132769275921e-03 3.905657168062848673e-03
5.928672307194996414e-07 5.928672350167327286e-07
3.905657132769275921e-03 3.905657161078344118e-03
7.130245272268925512e-05 7.130245447197040853e-05
3.834947547277305947e-03 3.834947641361046745e-03
3.906249999999994796e-03 3.906249819747862131e-03
0.000000000000000000e+00 0.000000000000000000e+00
3.906249999999994796e-03 3.906250112582854497e-03
0.000000000000000000e+00 0.000000000000000000e+00
3.906249999999994796e-03 3.906249897275507026e-03
0.000000000000000000e+00 0.000000000000000000e+00
3.906249999999994796e-03 3.906249856995845041e-03
0.000000000000000000e+00 0.000000000000000000e+00
3.906249999999994796e-03 3.906250047958520835e-03
0.000000000000000000e+00 0.000000000000000000e+00
3.906249999999994796e-03 3.906250251286333755e-03
0.000000000000000000e+00 0.000000000000000000e+00
3.906249999999994796e-03 3.906249997820769679e-03
0.000000000000000000e+00 0.000000000000000000e+00
1.199387325141866224e-05 1.199387314524568947e-05
3.894256126748576064e-03 3.894256092275579124e-03
5.928672307194996414e-07 5.928672251409576973e-07
3.905657132769275921e-03 3.905657096019272707e-03
5.928672307194996414e-07 5.928672148337028122e-07
3.905657132769275921e-03 3.905657028117723306e-03
5.928672307194996414e-07 5.928672577399521969e-07
3.905657132769275921e-03 3.905657310773080759e-03
5.928672307194996414e-07 5.928672316106324062e-07
3.905657132769275921e-03 3.905657138639830397e-03
7.788741137767944743e-05 7.788741083932528258e-05
3.828362588622315470e-03 3.828362562160850507e-03
3.906249999999994796e-03 3.906249978250517577e-03
0.000000000000000000e+00 0.000000000000000000e+00
3.906249999999994796e-03 3.906249863393948876e-03
0.000000000000000000e+00 0.000000000000000000e+00
3.906249999999994796e-03 3.906249966393335674e-03
0.000000000000000000e+00 0.000000000000000000e+00
3.906249999999994796e-03 3.906250170410471324e-03
0.000000000000000000e+00 0.000000000000000000e+00
3.906249999999994796e-03 3.906250129007133101e-03
0.000000000000000000e+00 0.000000000000000000e+00
3.906249999999994796e-03 3.906249829100505357e-03
0.000000000000000000e+00 0.000000000000000000e+00
3.906249999999994796e-03 3.906249824606666463e-03
0.000000000000000000e+00 0.000000000000000000e+00
3.906249999999994796e-03 3.906249855467067936e-03
0.000000000000000000e+00 0.000000000000000000e+00
3.906249999999994796e-03 3.906249941109435700e-03
0.000000000000000000e+00 0.000000000000000000e+00
3.906249999999994796e-03 3.906250095931618552e-03
0.000000000000000000e+00 0.000000000000000000e+00
3.906249999999994796e-03 3.906250121077934137e-03
0.000000000000000000e+00 0.000000000000000000e+00
3.906249999999994796e-03 3.906250135475708776e-03
0.000000000000000000e+00 0.000000000000000000e+00
3.906249999999994796e-03 3.906250188230772982e-03
0.000000000000000000e+00 0.000000000000000000e+00
3.906249999999994796e-03 3.906250140881884284e-03
0.000000000000000000e+00 0.000000000000000000e+00
3.906249999999994796e-03 3.906250141091494391e-03
0.000000000000000000e+00 0.000000000000000000e+00
3.906249999999994796e-03 3.906249907621148036e-03
0.000000000000000000e+00 0.000000000000000000e+00
3.906249999999994796e-03 3.906250062875078408e-03
0.000000000000000000e+00 0.000000000000000000e+00
3.906249999999994796e-03 3.906250007541101424e-03
0.000000000000000000e+00 0.000000000000000000e+00
3.906249999999994796e-03 3.906249773542973258e-03
0.000000000000000000e+00 0.000000000000000000e+00
3.906249999999994796e-03 3.906250037147460455e-03
0.000000000000000000e+00 0.000000000000000000e+00
3.906249999999994796e-03 3.906250045514368316e-03
0.000000000000000000e+00 0.000000000000000000e+00
3.906249999999994796e-03 3.906250102717343312e-03
0.000000000000000000e+00 0.000000000000000000e+00
3.906249999999994796e-03 3.906250029528530662e-03
0.000000000000000000e+00 0.000000000000000000e+00
3.906249999999994796e-03 3.906250135856824054e-03
0.000000000000000000e+00 0.000000000000000000e+00
3.906249999999994796e-03 3.906250033686562220e-03
0.000000000000000000e+00 0.000000000000000000e+00
3.906249999999994796e-03 3.906250071439671886e-03
0.000000000000000000e+00 0.000000000000000000e+00
3.906249999999994796e-03 3.906249918270027818e-03
0.000000000000000000e+00 0.000000000000000000e+00
3.906249999999994796e-03 3.906249928673456370e-03
0.000000000000000000e+00 0.000000000000000000e+00
3.906249999999994796e-03 3.906250009376993973e-03
0.000000000000000000e+00 0.000000000000000000e+00
3.906249999999994796e-03 3.906250083398915378e-03
0.000000000000000000e+00 0.000000000000000000e+00
3.906249999999994796e-03 3.906249798259204056e-03
0.000000000000000000e+00 0.000000000000000000e+00
3.906249999999994796e-03 3.906249888267329575e-03
0.000000000000000000e+00 0.000000000000000000e+00
3.906249999999994796e-03 3.906249999999994796e-03
0.000000000000000000e+00 0.000000000000000000e+00
3.906249999999994796e-03 3.906249999999994796e-03
0.000000000000000000e+00 0.000000000000000000e+00
3.906249999999994796e-03 3.906249999999994796e-03
0.000000000000000000e+00 0.000000000000000000e+00
3.906249999999994796e-03 3.906249999999994796e-03
0.000000000000000000e+00 0.000000000000000000e+00
3.906249999999994796e-03 3.906249999999994796e-03
0.000000000000000000e+00 0.000000000000000000e+00
3.906249999999994796e-03 3.906249999999994796e-03
0.000000000000000000e+00 0.000000000000000000e+00
3.906249999999994796e-03 3.906249999999994796e-03
0.000000000000000000e+00 0.000000000000000000e+00
3.906249999999994796e-03 3.906249999999994796e-03
0.000000000000000000e+00 0.000000000000000000e+00
3.906249999999994796e-03 3.906249999999994796e-03
0.000000000000000000e+00 0.000000000000000000e+00
3.906249999999994796e-03 3.906249999999994796e-03
0.000000000000000000e+00 0.000000000000000000e+00
3.906249999999994796e-03 3.906249999999994796e-03
0.000000000000000000e+00 0.000000000000000000e+00
3.906249999999994796e-03 3.906249999999994796e-03
0.000000000000000000e+00 0.000000000000000000e+00
3.906249999999994796e-03 3.906249999999994796e-03
0.000000000000000000e+00 0.000000000000000000e+00
3.906249999999994796e-03 3.906249999999994796e-03
0.000000000000000000e+00 0.000000000000000000e+00
3.906249999999994796e-03 3.906249999999994796e-03
0.000000000000000000e+00 0.000000000000000000e+00
3.906249999999994796e-03 3.906249999999994796e-03
0.000000000000000000e+00 0.000000000000000000e+00
3.906249999999994796e-03 3.906249999999994796e-03
0.000000000000000000e+00 0.000000000000000000e+00
3.906249999999994796e-03 3.906249999999994796e-03
0.000000000000000000e+00 0.000000000000000000e+00
3.906249999999994796e-03 3.906249999999994796e-03
0.000000000000000000e+00 0.000000000000000000e+00
3.906249999999994796e-03 3.906249999999994796e-03
0.000000000000000000e+00 0.000000000000000000e+00
3.906249999999994796e-03 3.906249999999994796e-03
0.000000000000000000e+00 0.000000000000000000e+00
3.906249999999994796e-03 3.906249999999994796e-03
0.000000000000000000e+00 0.000000000000000000e+00
3.906249999999994796e-03 3.906249999999994796e-03
0.000000000000000000e+00 0.000000000000000000e+00
3.906249999999994796e-03 3.906249999999994796e-03
0.000000000000000000e+00 0.000000000000000000e+00
3.906249999999994796e-03 3.906249999999994796e-03
0.000000000000000000e+00 0.000000000000000000e+00
3.906249999999994796e-03 3.906249999999994796e-03
0.000000000000000000e+00 0.000000000000000000e+00
3.906249999999994796e-03 3.906249999999994796e-03
0.000000000000000000e+00 0.000000000000000000e+00
3.906249999999994796e-03 3.906249999999994796e-03
0.000000000000000000e+00 0.000000000000000000e+00
3.906249999999994796e-03 3.906249999999994796e-03
0.000000000000000000e+00 0.000000000000000000e+00
3.906249999999994796e-03 3.906249999999994796e-03
0.000000000000000000e+00 0.000000000000000000e+00
3.906249999999994796e-03 3.906249999999994796e-03
0.000000000000000000e+00 0.000000000000000000e+00
3.906249999999994796e-03 3.906249999999994796e-03
0.000000000000000000e+00 0.000000000000000000e+00
3.906249999999994796e-03 3.906249999999994796e-03
0.000000000000000000e+00 0.000000000000000000e+00
3.906249999999994796e-03 3.906249999999994796e-03
0.000000000000000000e+00 0.000000000000000000e+00
3.906249999999994796e-03 3.906249999999994796e-03
0.000000000000000000e+00 0.000000000000000000e+00
3.906249999999994796e-03 3.906249999999994796e-03
0.000000000000000000e+00 0.000000000000000000e+00
3.906249999999994796e-03 3.906249999999994796e-03
0.000000000000000000e+00 0.000000000000000000e+00
3.906249999999994796e-03 3.906249999999994796e-03
0.000000000000000000e+00 0.000000000000000000e+00
3.906249999999994796e-03 3.906249999999994796e-03
0.000000000000000000e+00 0.000000000000000000e+00
3.906249999999994796e-03 3.906249999999994796e-03
0.000000000000000000e+00 0.000000000000000000e+00
3.906249999999994796e-03 3.906249999999994796e-03
0.000000000000000000e+00 0.000000000000000000e+00
3.906249999999994796e-03 3.906249999999994796e-03
0.000000000000000000e+00 0.000000000000000000e+00
3.906249999999994796e-03 3.906249999999994796e-03
0.000000000000000000e+00 0.000000000000000000e+00
3.906249999999994796e-03 3.906249999999994796e-03
0.000000000000000000e+00 0.000000000000000000e+00
3.906249999999994796e-03 3.906249999999994796e-03
0.000000000000000000e+00 0.000000000000000000e+00
3.906249999999994796e-03 3.906249999999994796e-03
0.000000000000000000e+00 0.000000000000000000e+00
3.906249999999994796e-03 3.906249999999994796e-03
0.000000000000000000e+00 0.000000000000000000e+00
3.906249999999994796e-03 3.906249999999994796e-03
0.000000000000000000e+00 0.000000000000000000e+00
3.906249999999994796e-03 3.906249999999994796e-03
0.000000000000000000e+00 0.000000000000000000e+00
3.906249999999994796e-03 3.906249999999994796e-03
0.000000000000000000e+00 0.000000000000000000e+00
3.906249999999994796e-03 3.906249999999994796e-03
0.000000000000000000e+00 0.000000000000000000e+00
3.906249999999994796e-03 3.906249999999994796e-03
0.000000000000000000e+00 0.000000000000000000e+00
3.906249999999994796e-03 3.906249999999994796e-03
0.000000000000000000e+00 0.000000000000000000e+00
3.906249999999994796e-03 3.906249999999994796e-03
0.000000000000000000e+00 0.000000000000000000e+00
3.906249999999994796e-03 3.906249999999994796e-03
0.000000000000000000e+00 0.000000000000000000e+00
3.906249999999994796e-03 3.906249999999994796e-03
0.000000000000000000e+00 0.000000000000000000e+00
3.906249999999994796e-03 3.906249999999994796e-03
0.000000000000000000e+00 0.000000000000000000e+00
3.906249999999994796e-03 3.906249999999994796e-03
0.000000000000000000e+00 0.000000000000000000e+00
3.906249999999994796e-03 3.906249999999994796e-03
0.000000000000000000e+00 0.000000000000000000e+00
3.906249999999994796e-03 3.906249999999994796e-03
0.000000000000000000e+00 0.000000000000000000e+00
